0, 2023, 05, 08, 07, 17, 8, 1
0, 2023, 05, 08, 18, 35, 1, 8
0, 2023, 05, 09, 07, 34, 8, 1
0, 2023, 05, 09, 18, 13, 1, 8
0, 2023, 05, 10, 07, 09, 8, 1
0, 2023, 05, 10, 17, 34, 1, 8
0, 2023, 05, 12, 05, 46, 8, 1
0, 2023, 05, 12, 16, 45, 1, 8
0, 2023, 05, 14, 09, 49, 8, 2
0, 2023, 05, 14, 13, 58, 2, 8
1, 2023, 05, 08, 05, 22, 4, 8
1, 2023, 05, 08, 19, 20, 8, 4
1, 2023, 05, 09, 05, 59, 4, 1
1, 2023, 05, 09, 16, 25, 1, 4
1, 2023, 05, 10, 07, 42, 4, 1
1, 2023, 05, 10, 18, 21, 1, 4
1, 2023, 05, 12, 07, 33, 4, 1
1, 2023, 05, 12, 16, 08, 1, 4
2, 2023, 05, 08, 08, 28, 1, 2
2, 2023, 05, 08, 17, 54, 2, 1
2, 2023, 05, 09, 06, 52, 1, 2
2, 2023, 05, 09, 20, 41, 2, 1
2, 2023, 05, 10, 07, 45, 1, 2
2, 2023, 05, 10, 17, 57, 2, 1
2, 2023, 05, 11, 07, 07, 1, 2
2, 2023, 05, 11, 18, 37, 2, 1
2, 2023, 05, 12, 06, 08, 1, 2
2, 2023, 05, 12, 17, 28, 2, 1
3, 2023, 05, 08, 08, 39, 5, 6
3, 2023, 05, 08, 17, 47, 6, 5
3, 2023, 05, 09, 04, 14, 5, 6
3, 2023, 05, 09, 19, 06, 6, 5
3, 2023, 05, 10, 06, 02, 5, 6
3, 2023, 05, 10, 18, 54, 6, 5
3, 2023, 05, 11, 07, 17, 5, 6
3, 2023, 05, 11, 16, 10, 6, 5
3, 2023, 05, 12, 06, 59, 5, 6
3, 2023, 05, 12, 18, 40, 6, 5
4, 2023, 05, 08, 05, 50, 5, 2
4, 2023, 05, 08, 14, 42, 2, 5
4, 2023, 05, 09, 07, 15, 5, 2
4, 2023, 05, 09, 13, 34, 2, 5
4, 2023, 05, 10, 06, 26, 5, 2
4, 2023, 05, 10, 12, 02, 2, 5
4, 2023, 05, 11, 08, 35, 5, 2
4, 2023, 05, 11, 12, 01, 2, 5
4, 2023, 05, 12, 07, 59, 5, 2
4, 2023, 05, 12, 13, 30, 2, 5
4, 2023, 05, 14, 11, 19, 5, 10
4, 2023, 05, 14, 21, 36, 10, 5
5, 2023, 05, 08, 06, 49, 8, 4
5, 2023, 05, 08, 16, 05, 4, 8
5, 2023, 05, 09, 08, 48, 8, 4
5, 2023, 05, 09, 17, 28, 4, 8
5, 2023, 05, 10, 05, 23, 8, 4
5, 2023, 05, 10, 17, 07, 4, 8
5, 2023, 05, 11, 07, 15, 8, 4
5, 2023, 05, 11, 17, 20, 4, 8
5, 2023, 05, 12, 06, 49, 8, 4
5, 2023, 05, 12, 16, 12, 4, 8
5, 2023, 05, 13, 11, 51, 8, 10
5, 2023, 05, 13, 16, 34, 10, 8
5, 2023, 05, 14, 10, 46, 8, 10
5, 2023, 05, 14, 16, 25, 10, 8
6, 2023, 05, 08, 05, 53, 8, 9
6, 2023, 05, 08, 16, 21, 9, 8
6, 2023, 05, 09, 06, 54, 8, 9
6, 2023, 05, 09, 17, 23, 9, 8
6, 2023, 05, 10, 06, 25, 8, 9
6, 2023, 05, 10, 17, 11, 9, 8
6, 2023, 05, 11, 05, 33, 8, 9
6, 2023, 05, 11, 18, 00, 9, 8
7, 2023, 05, 08, 05, 23, 8, 4
7, 2023, 05, 08, 14, 24, 4, 8
7, 2023, 05, 09, 07, 55, 8, 4
7, 2023, 05, 09, 15, 45, 4, 8
7, 2023, 05, 10, 06, 37, 8, 4
7, 2023, 05, 10, 13, 23, 4, 8
7, 2023, 05, 11, 06, 41, 8, 4
7, 2023, 05, 11, 14, 28, 4, 8
7, 2023, 05, 12, 06, 48, 8, 4
7, 2023, 05, 12, 16, 19, 4, 8
7, 2023, 05, 13, 12, 40, 8, 1
7, 2023, 05, 13, 21, 25, 1, 8
8, 2023, 05, 08, 04, 44, 8, 7
8, 2023, 05, 08, 14, 06, 7, 8
8, 2023, 05, 09, 06, 20, 8, 7
8, 2023, 05, 09, 14, 22, 7, 8
8, 2023, 05, 10, 06, 43, 8, 7
8, 2023, 05, 10, 13, 18, 7, 8
8, 2023, 05, 11, 06, 07, 8, 7
8, 2023, 05, 11, 14, 19, 7, 8
8, 2023, 05, 12, 06, 04, 8, 7
8, 2023, 05, 12, 14, 27, 7, 8
8, 2023, 05, 13, 10, 12, 8, 4
8, 2023, 05, 13, 21, 54, 4, 8
9, 2023, 05, 08, 07, 28, 2, 4
9, 2023, 05, 08, 17, 06, 4, 2
9, 2023, 05, 09, 07, 15, 2, 4
9, 2023, 05, 09, 16, 35, 4, 2
9, 2023, 05, 11, 08, 44, 2, 4
9, 2023, 05, 11, 17, 10, 4, 2
9, 2023, 05, 12, 05, 51, 2, 4
9, 2023, 05, 12, 17, 00, 4, 2
9, 2023, 05, 13, 08, 38, 2, 10
9, 2023, 05, 13, 15, 05, 10, 2
10, 2023, 05, 08, 06, 05, 6, 8
10, 2023, 05, 08, 13, 31, 8, 6
10, 2023, 05, 11, 08, 21, 6, 9
10, 2023, 05, 11, 15, 39, 9, 6
10, 2023, 05, 13, 09, 01, 6, 9
10, 2023, 05, 13, 19, 55, 9, 6
10, 2023, 05, 14, 05, 30, 6, 2
10, 2023, 05, 14, 19, 30, 2, 6
11, 2023, 05, 08, 06, 41, 1, 9
11, 2023, 05, 08, 17, 10, 9, 1
11, 2023, 05, 09, 06, 41, 1, 9
11, 2023, 05, 09, 16, 30, 9, 1
11, 2023, 05, 10, 06, 10, 1, 9
11, 2023, 05, 10, 17, 04, 9, 1
11, 2023, 05, 11, 07, 23, 1, 9
11, 2023, 05, 11, 17, 11, 9, 1
11, 2023, 05, 12, 06, 38, 1, 9
11, 2023, 05, 12, 18, 04, 9, 1
11, 2023, 05, 14, 12, 07, 1, 10
11, 2023, 05, 14, 15, 39, 10, 1
12, 2023, 05, 08, 05, 26, 10, 1
12, 2023, 05, 08, 17, 25, 1, 10
12, 2023, 05, 09, 05, 50, 10, 1
12, 2023, 05, 09, 17, 45, 1, 10
12, 2023, 05, 10, 06, 56, 10, 1
12, 2023, 05, 10, 16, 26, 1, 10
12, 2023, 05, 11, 07, 27, 10, 1
12, 2023, 05, 11, 19, 08, 1, 10
12, 2023, 05, 12, 07, 58, 10, 1
12, 2023, 05, 12, 18, 59, 1, 10
13, 2023, 05, 08, 07, 54, 10, 5
13, 2023, 05, 08, 14, 04, 5, 10
13, 2023, 05, 09, 07, 19, 10, 5
13, 2023, 05, 09, 11, 46, 5, 10
13, 2023, 05, 10, 07, 58, 10, 5
13, 2023, 05, 10, 13, 25, 5, 10
13, 2023, 05, 11, 07, 35, 10, 5
13, 2023, 05, 11, 13, 56, 5, 10
13, 2023, 05, 12, 07, 24, 10, 5
13, 2023, 05, 12, 12, 57, 5, 10
13, 2023, 05, 14, 12, 37, 10, 9
13, 2023, 05, 14, 21, 04, 9, 10
14, 2023, 05, 08, 05, 11, 4, 3
14, 2023, 05, 08, 14, 32, 3, 4
14, 2023, 05, 10, 06, 40, 4, 1
14, 2023, 05, 10, 10, 17, 1, 4
14, 2023, 05, 11, 07, 44, 4, 9
14, 2023, 05, 11, 12, 34, 9, 4
14, 2023, 05, 14, 12, 15, 4, 2
14, 2023, 05, 14, 17, 32, 2, 4
15, 2023, 05, 12, 07, 14, 3, 8
15, 2023, 05, 12, 13, 05, 8, 3
15, 2023, 05, 13, 10, 12, 3, 9
15, 2023, 05, 13, 13, 39, 9, 3
15, 2023, 05, 14, 09, 42, 3, 9
15, 2023, 05, 14, 17, 42, 9, 3
16, 2023, 05, 08, 06, 39, 8, 10
16, 2023, 05, 08, 19, 52, 10, 8
16, 2023, 05, 09, 06, 34, 8, 10
16, 2023, 05, 09, 18, 47, 10, 8
16, 2023, 05, 10, 08, 26, 8, 10
16, 2023, 05, 10, 17, 23, 10, 8
16, 2023, 05, 11, 05, 51, 8, 10
16, 2023, 05, 11, 18, 50, 10, 8
16, 2023, 05, 12, 07, 31, 8, 10
16, 2023, 05, 12, 19, 57, 10, 8
17, 2023, 05, 08, 06, 26, 2, 9
17, 2023, 05, 08, 19, 15, 9, 2
17, 2023, 05, 09, 08, 30, 2, 9
17, 2023, 05, 09, 17, 13, 9, 2
17, 2023, 05, 10, 06, 47, 2, 9
17, 2023, 05, 10, 16, 21, 9, 2
17, 2023, 05, 11, 04, 29, 2, 9
17, 2023, 05, 11, 18, 52, 9, 2
17, 2023, 05, 12, 08, 07, 2, 9
17, 2023, 05, 12, 16, 15, 9, 2
17, 2023, 05, 14, 11, 26, 2, 9
17, 2023, 05, 14, 13, 00, 9, 2
18, 2023, 05, 08, 08, 11, 6, 4
18, 2023, 05, 08, 17, 12, 4, 6
18, 2023, 05, 09, 05, 14, 6, 4
18, 2023, 05, 09, 16, 49, 4, 6
18, 2023, 05, 10, 06, 06, 6, 4
18, 2023, 05, 10, 16, 01, 4, 6
18, 2023, 05, 11, 06, 26, 6, 4
18, 2023, 05, 11, 18, 51, 4, 6
18, 2023, 05, 12, 05, 43, 6, 4
18, 2023, 05, 12, 17, 58, 4, 6
18, 2023, 05, 13, 11, 54, 6, 2
18, 2023, 05, 13, 14, 06, 2, 6
18, 2023, 05, 14, 12, 51, 6, 2
18, 2023, 05, 14, 14, 13, 2, 6
19, 2023, 05, 08, 06, 54, 7, 5
19, 2023, 05, 08, 18, 39, 5, 7
19, 2023, 05, 09, 07, 54, 7, 9
19, 2023, 05, 09, 15, 16, 9, 7
19, 2023, 05, 10, 07, 37, 7, 3
19, 2023, 05, 10, 18, 35, 3, 7
19, 2023, 05, 11, 06, 24, 7, 2
19, 2023, 05, 11, 19, 12, 2, 7
19, 2023, 05, 12, 07, 14, 7, 8
19, 2023, 05, 12, 17, 45, 8, 7
19, 2023, 05, 14, 10, 27, 7, 1
19, 2023, 05, 14, 14, 56, 1, 7
20, 2023, 05, 08, 06, 51, 9, 5
20, 2023, 05, 08, 16, 01, 5, 9
20, 2023, 05, 10, 07, 13, 9, 5
20, 2023, 05, 10, 17, 50, 5, 9
20, 2023, 05, 11, 07, 17, 9, 5
20, 2023, 05, 11, 17, 17, 5, 9
20, 2023, 05, 12, 06, 03, 9, 5
20, 2023, 05, 12, 17, 02, 5, 9
21, 2023, 05, 10, 04, 39, 3, 5
21, 2023, 05, 10, 17, 04, 5, 3
21, 2023, 05, 11, 07, 57, 3, 5
21, 2023, 05, 11, 18, 31, 5, 3
21, 2023, 05, 12, 06, 50, 3, 5
21, 2023, 05, 12, 17, 29, 5, 3
22, 2023, 05, 08, 07, 50, 1, 5
22, 2023, 05, 08, 18, 15, 5, 1
22, 2023, 05, 09, 09, 36, 1, 5
22, 2023, 05, 09, 17, 05, 5, 1
22, 2023, 05, 10, 07, 53, 1, 5
22, 2023, 05, 10, 17, 59, 5, 1
22, 2023, 05, 11, 07, 10, 1, 5
22, 2023, 05, 11, 17, 20, 5, 1
22, 2023, 05, 12, 07, 35, 1, 5
22, 2023, 05, 12, 17, 07, 5, 1
22, 2023, 05, 14, 10, 16, 1, 3
22, 2023, 05, 14, 15, 26, 3, 1
23, 2023, 05, 08, 06, 01, 5, 3
23, 2023, 05, 08, 17, 56, 3, 5
23, 2023, 05, 09, 07, 30, 5, 7
23, 2023, 05, 09, 18, 00, 7, 5
23, 2023, 05, 10, 07, 17, 5, 1
23, 2023, 05, 10, 19, 44, 1, 5
23, 2023, 05, 11, 07, 30, 5, 7
23, 2023, 05, 11, 19, 47, 7, 5
23, 2023, 05, 14, 09, 49, 5, 1
23, 2023, 05, 14, 15, 50, 1, 5
24, 2023, 05, 09, 07, 36, 10, 3
24, 2023, 05, 09, 15, 36, 3, 10
24, 2023, 05, 10, 07, 24, 10, 3
24, 2023, 05, 10, 18, 34, 3, 10
24, 2023, 05, 11, 06, 27, 10, 3
24, 2023, 05, 11, 17, 14, 3, 10
24, 2023, 05, 12, 08, 36, 10, 3
24, 2023, 05, 12, 17, 47, 3, 10
24, 2023, 05, 14, 12, 28, 10, 7
24, 2023, 05, 14, 14, 11, 7, 10
25, 2023, 05, 09, 07, 43, 3, 7
25, 2023, 05, 09, 18, 40, 7, 3
25, 2023, 05, 11, 06, 01, 3, 7
25, 2023, 05, 11, 18, 18, 7, 3
25, 2023, 05, 12, 05, 33, 3, 7
25, 2023, 05, 12, 19, 27, 7, 3
26, 2023, 05, 08, 06, 24, 3, 10
26, 2023, 05, 08, 17, 02, 10, 3
26, 2023, 05, 09, 06, 41, 3, 10
26, 2023, 05, 09, 18, 55, 10, 3
26, 2023, 05, 11, 08, 54, 3, 10
26, 2023, 05, 11, 17, 26, 10, 3
26, 2023, 05, 12, 05, 37, 3, 10
26, 2023, 05, 12, 19, 08, 10, 3
27, 2023, 05, 08, 07, 01, 9, 6
27, 2023, 05, 08, 16, 18, 6, 9
27, 2023, 05, 09, 05, 36, 9, 7
27, 2023, 05, 09, 17, 06, 7, 9
27, 2023, 05, 10, 09, 36, 9, 3
27, 2023, 05, 10, 16, 30, 3, 9
27, 2023, 05, 11, 07, 52, 9, 7
27, 2023, 05, 11, 18, 07, 7, 9
27, 2023, 05, 13, 11, 22, 9, 7
27, 2023, 05, 13, 12, 04, 7, 9
28, 2023, 05, 08, 06, 05, 4, 3
28, 2023, 05, 08, 19, 06, 3, 4
28, 2023, 05, 09, 06, 53, 4, 3
28, 2023, 05, 09, 18, 56, 3, 4
28, 2023, 05, 10, 07, 29, 4, 3
28, 2023, 05, 10, 17, 42, 3, 4
28, 2023, 05, 11, 06, 29, 4, 3
28, 2023, 05, 11, 18, 17, 3, 4
28, 2023, 05, 12, 06, 55, 4, 3
28, 2023, 05, 12, 16, 03, 3, 4
28, 2023, 05, 14, 12, 24, 4, 9
28, 2023, 05, 14, 15, 28, 9, 4
29, 2023, 05, 08, 07, 33, 4, 2
29, 2023, 05, 08, 12, 30, 2, 4
29, 2023, 05, 09, 07, 22, 4, 2
29, 2023, 05, 09, 14, 34, 2, 4
29, 2023, 05, 10, 08, 35, 4, 2
29, 2023, 05, 10, 14, 45, 2, 4
29, 2023, 05, 11, 08, 32, 4, 2
29, 2023, 05, 11, 14, 03, 2, 4
29, 2023, 05, 12, 07, 10, 4, 2
29, 2023, 05, 12, 15, 33, 2, 4
29, 2023, 05, 14, 08, 31, 4, 10
29, 2023, 05, 14, 22, 41, 10, 4
30, 2023, 05, 11, 07, 15, 1, 4
30, 2023, 05, 11, 14, 59, 4, 1
30, 2023, 05, 12, 07, 16, 1, 6
30, 2023, 05, 12, 13, 11, 6, 1
31, 2023, 05, 08, 06, 37, 2, 1
31, 2023, 05, 08, 19, 24, 1, 2
31, 2023, 05, 09, 07, 14, 2, 10
31, 2023, 05, 09, 17, 47, 10, 2
31, 2023, 05, 10, 07, 25, 2, 5
31, 2023, 05, 10, 18, 31, 5, 2
31, 2023, 05, 11, 07, 47, 2, 10
31, 2023, 05, 11, 17, 58, 10, 2
31, 2023, 05, 12, 05, 02, 2, 10
31, 2023, 05, 12, 16, 43, 10, 2
32, 2023, 05, 08, 07, 01, 9, 2
32, 2023, 05, 08, 18, 47, 2, 9
32, 2023, 05, 09, 07, 27, 9, 10
32, 2023, 05, 09, 16, 46, 10, 9
32, 2023, 05, 10, 06, 51, 9, 8
32, 2023, 05, 10, 17, 08, 8, 9
32, 2023, 05, 11, 05, 23, 9, 10
32, 2023, 05, 11, 18, 23, 10, 9
32, 2023, 05, 12, 07, 04, 9, 1
32, 2023, 05, 12, 17, 33, 1, 9
32, 2023, 05, 14, 12, 09, 9, 2
32, 2023, 05, 14, 13, 58, 2, 9
33, 2023, 05, 08, 07, 40, 10, 5
33, 2023, 05, 08, 19, 30, 5, 10
33, 2023, 05, 09, 06, 03, 10, 3
33, 2023, 05, 09, 18, 29, 3, 10
33, 2023, 05, 10, 05, 53, 10, 5
33, 2023, 05, 10, 18, 58, 5, 10
33, 2023, 05, 11, 06, 16, 10, 1
33, 2023, 05, 11, 17, 26, 1, 10
33, 2023, 05, 12, 07, 46, 10, 2
33, 2023, 05, 12, 18, 59, 2, 10
34, 2023, 05, 08, 05, 36, 3, 10
34, 2023, 05, 08, 19, 31, 10, 3
34, 2023, 05, 09, 06, 32, 3, 10
34, 2023, 05, 09, 19, 35, 10, 3
34, 2023, 05, 10, 05, 31, 3, 10
34, 2023, 05, 10, 18, 57, 10, 3
34, 2023, 05, 11, 08, 40, 3, 10
34, 2023, 05, 11, 17, 31, 10, 3
34, 2023, 05, 12, 08, 23, 3, 10
34, 2023, 05, 12, 17, 30, 10, 3
34, 2023, 05, 14, 10, 40, 3, 9
34, 2023, 05, 14, 15, 38, 9, 3
35, 2023, 05, 08, 07, 04, 5, 6
35, 2023, 05, 08, 17, 08, 6, 5
35, 2023, 05, 09, 06, 01, 5, 6
35, 2023, 05, 09, 15, 02, 6, 5
35, 2023, 05, 10, 08, 46, 5, 6
35, 2023, 05, 10, 18, 40, 6, 5
35, 2023, 05, 11, 06, 16, 5, 6
35, 2023, 05, 11, 18, 28, 6, 5
35, 2023, 05, 12, 06, 21, 5, 6
35, 2023, 05, 12, 16, 33, 6, 5
36, 2023, 05, 08, 07, 41, 2, 8
36, 2023, 05, 08, 17, 37, 8, 2
36, 2023, 05, 09, 07, 03, 2, 8
36, 2023, 05, 09, 17, 19, 8, 2
36, 2023, 05, 10, 09, 54, 2, 8
36, 2023, 05, 10, 17, 41, 8, 2
36, 2023, 05, 11, 08, 53, 2, 8
36, 2023, 05, 11, 17, 58, 8, 2
36, 2023, 05, 12, 05, 42, 2, 8
36, 2023, 05, 12, 18, 25, 8, 2
37, 2023, 05, 08, 06, 52, 7, 5
37, 2023, 05, 08, 18, 17, 5, 7
37, 2023, 05, 10, 05, 41, 7, 5
37, 2023, 05, 10, 19, 40, 5, 7
37, 2023, 05, 11, 08, 34, 7, 5
37, 2023, 05, 11, 18, 45, 5, 7
37, 2023, 05, 13, 11, 53, 7, 5
37, 2023, 05, 13, 15, 44, 5, 7
37, 2023, 05, 14, 11, 11, 7, 3
37, 2023, 05, 14, 15, 54, 3, 7
38, 2023, 05, 08, 07, 34, 7, 1
38, 2023, 05, 08, 14, 51, 1, 7
38, 2023, 05, 09, 07, 01, 7, 1
38, 2023, 05, 09, 15, 16, 1, 7
38, 2023, 05, 10, 06, 09, 7, 1
38, 2023, 05, 10, 13, 24, 1, 7
38, 2023, 05, 11, 04, 32, 7, 1
38, 2023, 05, 11, 12, 41, 1, 7
38, 2023, 05, 12, 06, 35, 7, 1
38, 2023, 05, 12, 13, 19, 1, 7
38, 2023, 05, 14, 12, 12, 7, 10
38, 2023, 05, 14, 20, 34, 10, 7
39, 2023, 05, 09, 06, 40, 4, 7
39, 2023, 05, 09, 13, 57, 7, 4
39, 2023, 05, 11, 06, 35, 4, 7
39, 2023, 05, 11, 12, 48, 7, 4
39, 2023, 05, 12, 07, 18, 4, 9
39, 2023, 05, 12, 13, 32, 9, 4
39, 2023, 05, 13, 09, 10, 4, 1
39, 2023, 05, 13, 17, 30, 1, 4
40, 2023, 05, 08, 06, 51, 4, 6
40, 2023, 05, 08, 18, 09, 6, 4
40, 2023, 05, 10, 06, 58, 4, 6
40, 2023, 05, 10, 17, 13, 6, 4
40, 2023, 05, 11, 05, 04, 4, 6
40, 2023, 05, 11, 17, 51, 6, 4
40, 2023, 05, 12, 07, 39, 4, 6
40, 2023, 05, 12, 16, 05, 6, 4
40, 2023, 05, 13, 10, 29, 4, 7
40, 2023, 05, 13, 14, 19, 7, 4
41, 2023, 05, 08, 07, 22, 10, 6
41, 2023, 05, 08, 16, 08, 6, 10
41, 2023, 05, 09, 07, 38, 10, 6
41, 2023, 05, 09, 17, 46, 6, 10
41, 2023, 05, 10, 07, 36, 10, 2
41, 2023, 05, 10, 18, 13, 2, 10
41, 2023, 05, 11, 07, 21, 10, 4
41, 2023, 05, 11, 19, 46, 4, 10
41, 2023, 05, 12, 05, 14, 10, 9
41, 2023, 05, 12, 18, 28, 9, 10
42, 2023, 05, 08, 05, 10, 5, 3
42, 2023, 05, 08, 16, 15, 3, 5
42, 2023, 05, 09, 06, 20, 5, 7
42, 2023, 05, 09, 16, 32, 7, 5
42, 2023, 05, 10, 07, 32, 5, 1
42, 2023, 05, 10, 18, 16, 1, 5
42, 2023, 05, 11, 07, 56, 5, 10
42, 2023, 05, 11, 17, 03, 10, 5
42, 2023, 05, 12, 06, 37, 5, 6
42, 2023, 05, 12, 18, 13, 6, 5
43, 2023, 05, 08, 07, 23, 10, 1
43, 2023, 05, 08, 13, 56, 1, 10
43, 2023, 05, 09, 05, 44, 10, 5
43, 2023, 05, 09, 14, 23, 5, 10
43, 2023, 05, 13, 06, 28, 10, 8
43, 2023, 05, 13, 13, 41, 8, 10
44, 2023, 05, 08, 06, 14, 9, 2
44, 2023, 05, 08, 14, 25, 2, 9
44, 2023, 05, 09, 07, 31, 9, 1
44, 2023, 05, 09, 13, 27, 1, 9
44, 2023, 05, 12, 06, 10, 9, 7
44, 2023, 05, 12, 15, 35, 7, 9
44, 2023, 05, 14, 09, 56, 9, 1
44, 2023, 05, 14, 18, 28, 1, 9
45, 2023, 05, 08, 07, 08, 2, 6
45, 2023, 05, 08, 17, 36, 6, 2
45, 2023, 05, 09, 08, 08, 2, 6
45, 2023, 05, 09, 17, 34, 6, 2
45, 2023, 05, 10, 07, 06, 2, 6
45, 2023, 05, 10, 15, 09, 6, 2
45, 2023, 05, 11, 07, 34, 2, 6
45, 2023, 05, 11, 16, 38, 6, 2
45, 2023, 05, 12, 03, 51, 2, 6
45, 2023, 05, 12, 16, 45, 6, 2
46, 2023, 05, 08, 07, 43, 4, 2
46, 2023, 05, 08, 17, 02, 2, 4
46, 2023, 05, 09, 05, 02, 4, 2
46, 2023, 05, 09, 19, 04, 2, 4
46, 2023, 05, 10, 06, 38, 4, 2
46, 2023, 05, 10, 17, 28, 2, 4
46, 2023, 05, 11, 06, 53, 4, 2
46, 2023, 05, 11, 19, 32, 2, 4
46, 2023, 05, 12, 08, 30, 4, 2
46, 2023, 05, 12, 18, 04, 2, 4
47, 2023, 05, 09, 06, 22, 9, 10
47, 2023, 05, 09, 19, 11, 10, 9
47, 2023, 05, 11, 07, 02, 9, 10
47, 2023, 05, 11, 17, 21, 10, 9
47, 2023, 05, 12, 06, 02, 9, 10
47, 2023, 05, 12, 18, 07, 10, 9
48, 2023, 05, 08, 08, 54, 9, 4
48, 2023, 05, 08, 12, 03, 4, 9
48, 2023, 05, 09, 07, 10, 9, 4
48, 2023, 05, 09, 13, 01, 4, 9
48, 2023, 05, 10, 06, 49, 9, 4
48, 2023, 05, 10, 13, 28, 4, 9
48, 2023, 05, 11, 05, 33, 9, 4
48, 2023, 05, 11, 15, 54, 4, 9
48, 2023, 05, 12, 08, 01, 9, 4
48, 2023, 05, 12, 13, 50, 4, 9
48, 2023, 05, 13, 09, 15, 9, 6
48, 2023, 05, 13, 20, 38, 6, 9
49, 2023, 05, 08, 07, 04, 9, 8
49, 2023, 05, 08, 14, 01, 8, 9
49, 2023, 05, 09, 08, 11, 9, 1
49, 2023, 05, 09, 14, 08, 1, 9
49, 2023, 05, 14, 08, 39, 9, 1
49, 2023, 05, 14, 18, 59, 1, 9
50, 2023, 05, 08, 08, 12, 9, 3
50, 2023, 05, 08, 13, 54, 3, 9
50, 2023, 05, 09, 05, 16, 9, 3
50, 2023, 05, 09, 12, 04, 3, 9
50, 2023, 05, 10, 07, 20, 9, 3
50, 2023, 05, 10, 14, 20, 3, 9
50, 2023, 05, 11, 06, 24, 9, 3
50, 2023, 05, 11, 13, 42, 3, 9
50, 2023, 05, 12, 06, 00, 9, 3
50, 2023, 05, 12, 12, 25, 3, 9
50, 2023, 05, 14, 10, 45, 9, 8
50, 2023, 05, 14, 19, 12, 8, 9
51, 2023, 05, 08, 08, 48, 1, 4
51, 2023, 05, 08, 16, 44, 4, 1
51, 2023, 05, 09, 08, 45, 1, 4
51, 2023, 05, 09, 19, 17, 4, 1
51, 2023, 05, 10, 08, 46, 1, 4
51, 2023, 05, 10, 17, 31, 4, 1
51, 2023, 05, 11, 06, 31, 1, 4
51, 2023, 05, 11, 19, 40, 4, 1
51, 2023, 05, 12, 07, 52, 1, 4
51, 2023, 05, 12, 17, 00, 4, 1
51, 2023, 05, 13, 09, 06, 1, 2
51, 2023, 05, 13, 15, 25, 2, 1
52, 2023, 05, 08, 04, 01, 1, 7
52, 2023, 05, 08, 19, 46, 7, 1
52, 2023, 05, 09, 05, 41, 1, 7
52, 2023, 05, 09, 19, 36, 7, 1
52, 2023, 05, 10, 06, 02, 1, 7
52, 2023, 05, 10, 20, 26, 7, 1
52, 2023, 05, 11, 06, 57, 1, 7
52, 2023, 05, 11, 19, 58, 7, 1
52, 2023, 05, 13, 11, 42, 1, 5
52, 2023, 05, 13, 15, 10, 5, 1
52, 2023, 05, 14, 12, 24, 1, 3
52, 2023, 05, 14, 16, 17, 3, 1
53, 2023, 05, 08, 05, 30, 1, 9
53, 2023, 05, 08, 16, 07, 9, 1
53, 2023, 05, 09, 07, 19, 1, 9
53, 2023, 05, 09, 12, 08, 9, 1
53, 2023, 05, 10, 06, 16, 1, 9
53, 2023, 05, 10, 13, 07, 9, 1
53, 2023, 05, 11, 06, 56, 1, 9
53, 2023, 05, 11, 15, 48, 9, 1
53, 2023, 05, 12, 07, 36, 1, 9
53, 2023, 05, 12, 14, 12, 9, 1
53, 2023, 05, 14, 10, 38, 1, 1
53, 2023, 05, 14, 20, 16, 1, 1
54, 2023, 05, 08, 07, 06, 10, 1
54, 2023, 05, 08, 13, 12, 1, 10
54, 2023, 05, 10, 06, 46, 10, 2
54, 2023, 05, 10, 12, 48, 2, 10
54, 2023, 05, 11, 07, 14, 10, 7
54, 2023, 05, 11, 12, 53, 7, 10
54, 2023, 05, 13, 08, 04, 10, 7
54, 2023, 05, 13, 15, 43, 7, 10
54, 2023, 05, 14, 06, 21, 10, 4
54, 2023, 05, 14, 15, 30, 4, 10
55, 2023, 05, 08, 07, 53, 6, 1
55, 2023, 05, 08, 17, 59, 1, 6
55, 2023, 05, 09, 08, 33, 6, 1
55, 2023, 05, 09, 15, 00, 1, 6
55, 2023, 05, 10, 06, 01, 6, 1
55, 2023, 05, 10, 19, 07, 1, 6
55, 2023, 05, 12, 08, 56, 6, 1
55, 2023, 05, 12, 17, 34, 1, 6
56, 2023, 05, 08, 08, 47, 9, 4
56, 2023, 05, 08, 18, 38, 4, 9
56, 2023, 05, 09, 06, 46, 9, 4
56, 2023, 05, 09, 17, 13, 4, 9
56, 2023, 05, 10, 06, 12, 9, 4
56, 2023, 05, 10, 18, 24, 4, 9
56, 2023, 05, 11, 06, 58, 9, 4
56, 2023, 05, 11, 18, 56, 4, 9
56, 2023, 05, 12, 07, 54, 9, 4
56, 2023, 05, 12, 17, 16, 4, 9
57, 2023, 05, 08, 07, 04, 10, 5
57, 2023, 05, 08, 18, 28, 5, 10
57, 2023, 05, 09, 09, 54, 10, 5
57, 2023, 05, 09, 18, 02, 5, 10
57, 2023, 05, 10, 06, 58, 10, 5
57, 2023, 05, 10, 16, 36, 5, 10
57, 2023, 05, 12, 08, 14, 10, 5
57, 2023, 05, 12, 17, 32, 5, 10
58, 2023, 05, 08, 07, 00, 2, 6
58, 2023, 05, 08, 16, 07, 6, 2
58, 2023, 05, 10, 06, 22, 2, 6
58, 2023, 05, 10, 17, 25, 6, 2
58, 2023, 05, 11, 03, 33, 2, 6
58, 2023, 05, 11, 17, 42, 6, 2
58, 2023, 05, 14, 09, 24, 2, 3
58, 2023, 05, 14, 14, 13, 3, 2
59, 2023, 05, 08, 05, 35, 8, 3
59, 2023, 05, 08, 17, 56, 3, 8
59, 2023, 05, 09, 05, 32, 8, 3
59, 2023, 05, 09, 18, 02, 3, 8
59, 2023, 05, 10, 06, 00, 8, 7
59, 2023, 05, 10, 18, 49, 7, 8
59, 2023, 05, 11, 07, 05, 8, 2
59, 2023, 05, 11, 18, 58, 2, 8
59, 2023, 05, 12, 08, 37, 8, 4
59, 2023, 05, 12, 19, 02, 4, 8
60, 2023, 05, 08, 06, 24, 8, 2
60, 2023, 05, 08, 13, 23, 2, 8
60, 2023, 05, 09, 06, 08, 8, 2
60, 2023, 05, 09, 15, 48, 2, 8
60, 2023, 05, 10, 07, 17, 8, 2
60, 2023, 05, 10, 15, 02, 2, 8
60, 2023, 05, 11, 07, 02, 8, 2
60, 2023, 05, 11, 13, 42, 2, 8
60, 2023, 05, 12, 05, 39, 8, 2
60, 2023, 05, 12, 15, 26, 2, 8
60, 2023, 05, 14, 10, 45, 8, 4
60, 2023, 05, 14, 19, 36, 4, 8
61, 2023, 05, 08, 07, 54, 4, 1
61, 2023, 05, 08, 16, 22, 1, 4
61, 2023, 05, 09, 05, 00, 4, 5
61, 2023, 05, 09, 18, 22, 5, 4
61, 2023, 05, 10, 08, 27, 4, 3
61, 2023, 05, 10, 17, 14, 3, 4
61, 2023, 05, 11, 05, 31, 4, 8
61, 2023, 05, 11, 18, 52, 8, 4
61, 2023, 05, 12, 05, 18, 4, 1
61, 2023, 05, 12, 19, 18, 1, 4
62, 2023, 05, 08, 06, 19, 1, 2
62, 2023, 05, 08, 13, 33, 2, 1
62, 2023, 05, 09, 06, 19, 1, 6
62, 2023, 05, 09, 12, 00, 6, 1
62, 2023, 05, 12, 05, 30, 1, 7
62, 2023, 05, 12, 15, 33, 7, 1
62, 2023, 05, 13, 07, 19, 1, 3
62, 2023, 05, 13, 16, 06, 3, 1
62, 2023, 05, 14, 08, 29, 1, 6
62, 2023, 05, 14, 18, 22, 6, 1
63, 2023, 05, 08, 07, 44, 5, 7
63, 2023, 05, 08, 16, 45, 7, 5
63, 2023, 05, 09, 06, 56, 5, 10
63, 2023, 05, 09, 14, 49, 10, 5
63, 2023, 05, 13, 06, 12, 5, 8
63, 2023, 05, 13, 15, 47, 8, 5
63, 2023, 05, 14, 08, 06, 5, 8
63, 2023, 05, 14, 21, 15, 8, 5
64, 2023, 05, 08, 08, 18, 7, 5
64, 2023, 05, 08, 17, 19, 5, 7
64, 2023, 05, 09, 06, 49, 7, 5
64, 2023, 05, 09, 18, 15, 5, 7
64, 2023, 05, 10, 07, 35, 7, 5
64, 2023, 05, 10, 15, 05, 5, 7
64, 2023, 05, 11, 07, 14, 7, 5
64, 2023, 05, 11, 16, 04, 5, 7
64, 2023, 05, 12, 07, 34, 7, 5
64, 2023, 05, 12, 18, 08, 5, 7
65, 2023, 05, 08, 07, 53, 7, 9
65, 2023, 05, 08, 15, 40, 9, 7
65, 2023, 05, 09, 06, 17, 7, 9
65, 2023, 05, 09, 12, 52, 9, 7
65, 2023, 05, 10, 06, 05, 7, 9
65, 2023, 05, 10, 13, 32, 9, 7
65, 2023, 05, 11, 08, 13, 7, 9
65, 2023, 05, 11, 15, 20, 9, 7
65, 2023, 05, 12, 06, 10, 7, 9
65, 2023, 05, 12, 14, 00, 9, 7
65, 2023, 05, 13, 10, 56, 7, 3
65, 2023, 05, 13, 20, 52, 3, 7
66, 2023, 05, 08, 05, 42, 7, 10
66, 2023, 05, 08, 14, 11, 10, 7
66, 2023, 05, 09, 08, 54, 7, 10
66, 2023, 05, 09, 14, 02, 10, 7
66, 2023, 05, 10, 06, 51, 7, 10
66, 2023, 05, 10, 13, 25, 10, 7
66, 2023, 05, 11, 07, 33, 7, 10
66, 2023, 05, 11, 14, 32, 10, 7
66, 2023, 05, 12, 06, 02, 7, 10
66, 2023, 05, 12, 12, 35, 10, 7
66, 2023, 05, 14, 12, 10, 7, 10
66, 2023, 05, 14, 22, 51, 10, 7
67, 2023, 05, 08, 06, 11, 7, 2
67, 2023, 05, 08, 12, 49, 2, 7
67, 2023, 05, 09, 04, 47, 7, 2
67, 2023, 05, 09, 13, 08, 2, 7
67, 2023, 05, 10, 07, 10, 7, 2
67, 2023, 05, 10, 14, 12, 2, 7
67, 2023, 05, 11, 08, 29, 7, 2
67, 2023, 05, 11, 14, 28, 2, 7
67, 2023, 05, 12, 06, 25, 7, 2
67, 2023, 05, 12, 12, 53, 2, 7
68, 2023, 05, 08, 07, 34, 5, 8
68, 2023, 05, 08, 17, 21, 8, 5
68, 2023, 05, 09, 06, 14, 5, 8
68, 2023, 05, 09, 17, 14, 8, 5
68, 2023, 05, 10, 05, 00, 5, 8
68, 2023, 05, 10, 16, 03, 8, 5
68, 2023, 05, 11, 05, 15, 5, 8
68, 2023, 05, 11, 17, 38, 8, 5
68, 2023, 05, 12, 06, 09, 5, 8
68, 2023, 05, 12, 17, 25, 8, 5
69, 2023, 05, 08, 05, 31, 7, 1
69, 2023, 05, 08, 19, 18, 1, 7
69, 2023, 05, 09, 06, 23, 7, 1
69, 2023, 05, 09, 17, 14, 1, 7
69, 2023, 05, 10, 06, 04, 7, 1
69, 2023, 05, 10, 17, 03, 1, 7
69, 2023, 05, 11, 07, 16, 7, 1
69, 2023, 05, 11, 18, 39, 1, 7
69, 2023, 05, 12, 07, 52, 7, 1
69, 2023, 05, 12, 18, 22, 1, 7
69, 2023, 05, 14, 13, 35, 7, 10
69, 2023, 05, 14, 16, 32, 10, 7
70, 2023, 05, 08, 06, 08, 9, 4
70, 2023, 05, 08, 20, 23, 4, 9
70, 2023, 05, 09, 06, 34, 9, 8
70, 2023, 05, 09, 17, 38, 8, 9
70, 2023, 05, 10, 05, 02, 9, 2
70, 2023, 05, 10, 18, 19, 2, 9
70, 2023, 05, 11, 06, 21, 9, 3
70, 2023, 05, 11, 18, 03, 3, 9
70, 2023, 05, 12, 06, 38, 9, 10
70, 2023, 05, 12, 18, 53, 10, 9
71, 2023, 05, 08, 07, 00, 3, 7
71, 2023, 05, 08, 18, 53, 7, 3
71, 2023, 05, 09, 06, 06, 3, 7
71, 2023, 05, 09, 17, 54, 7, 3
71, 2023, 05, 10, 06, 58, 3, 7
71, 2023, 05, 10, 17, 11, 7, 3
71, 2023, 05, 11, 06, 24, 3, 7
71, 2023, 05, 11, 17, 46, 7, 3
71, 2023, 05, 12, 07, 18, 3, 7
71, 2023, 05, 12, 17, 48, 7, 3
71, 2023, 05, 13, 11, 55, 3, 10
71, 2023, 05, 13, 15, 23, 10, 3
72, 2023, 05, 08, 08, 28, 7, 2
72, 2023, 05, 08, 16, 36, 2, 7
72, 2023, 05, 09, 06, 48, 7, 2
72, 2023, 05, 09, 16, 45, 2, 7
72, 2023, 05, 10, 07, 45, 7, 2
72, 2023, 05, 10, 17, 23, 2, 7
72, 2023, 05, 11, 04, 54, 7, 2
72, 2023, 05, 11, 17, 23, 2, 7
72, 2023, 05, 12, 07, 31, 7, 2
72, 2023, 05, 12, 17, 52, 2, 7
73, 2023, 05, 08, 06, 15, 7, 7
73, 2023, 05, 08, 12, 46, 7, 7
73, 2023, 05, 09, 06, 16, 7, 7
73, 2023, 05, 09, 14, 52, 7, 7
73, 2023, 05, 10, 07, 59, 7, 7
73, 2023, 05, 10, 13, 59, 7, 7
73, 2023, 05, 11, 05, 28, 7, 7
73, 2023, 05, 11, 14, 48, 7, 7
73, 2023, 05, 12, 05, 34, 7, 7
73, 2023, 05, 12, 13, 19, 7, 7
74, 2023, 05, 09, 08, 58, 8, 9
74, 2023, 05, 09, 13, 49, 9, 8
74, 2023, 05, 11, 07, 31, 8, 4
74, 2023, 05, 11, 15, 52, 4, 8
74, 2023, 05, 12, 07, 16, 8, 10
74, 2023, 05, 12, 15, 05, 10, 8
74, 2023, 05, 13, 06, 35, 8, 9
74, 2023, 05, 13, 17, 09, 9, 8
74, 2023, 05, 14, 09, 48, 8, 5
74, 2023, 05, 14, 18, 44, 5, 8
75, 2023, 05, 08, 08, 32, 10, 9
75, 2023, 05, 08, 18, 45, 9, 10
75, 2023, 05, 09, 07, 04, 10, 9
75, 2023, 05, 09, 17, 41, 9, 10
75, 2023, 05, 10, 06, 10, 10, 9
75, 2023, 05, 10, 18, 28, 9, 10
75, 2023, 05, 12, 07, 25, 10, 9
75, 2023, 05, 12, 17, 39, 9, 10
76, 2023, 05, 08, 05, 50, 10, 1
76, 2023, 05, 08, 14, 55, 1, 10
76, 2023, 05, 09, 08, 14, 10, 1
76, 2023, 05, 09, 13, 34, 1, 10
76, 2023, 05, 10, 06, 30, 10, 1
76, 2023, 05, 10, 13, 10, 1, 10
76, 2023, 05, 11, 07, 32, 10, 1
76, 2023, 05, 11, 14, 18, 1, 10
76, 2023, 05, 12, 08, 56, 10, 1
76, 2023, 05, 12, 15, 50, 1, 10
76, 2023, 05, 13, 11, 44, 10, 6
76, 2023, 05, 13, 21, 37, 6, 10
77, 2023, 05, 08, 07, 53, 7, 6
77, 2023, 05, 08, 19, 09, 6, 7
77, 2023, 05, 09, 06, 08, 7, 6
77, 2023, 05, 09, 18, 55, 6, 7
77, 2023, 05, 10, 06, 21, 7, 6
77, 2023, 05, 10, 16, 21, 6, 7
77, 2023, 05, 11, 07, 58, 7, 6
77, 2023, 05, 11, 18, 44, 6, 7
78, 2023, 05, 08, 09, 46, 9, 7
78, 2023, 05, 08, 17, 54, 7, 9
78, 2023, 05, 09, 06, 33, 9, 7
78, 2023, 05, 09, 17, 33, 7, 9
78, 2023, 05, 10, 06, 03, 9, 7
78, 2023, 05, 10, 16, 25, 7, 9
78, 2023, 05, 11, 06, 18, 9, 7
78, 2023, 05, 11, 19, 09, 7, 9
78, 2023, 05, 12, 05, 57, 9, 7
78, 2023, 05, 12, 17, 58, 7, 9
78, 2023, 05, 14, 12, 53, 9, 6
78, 2023, 05, 14, 15, 47, 6, 9
79, 2023, 05, 08, 08, 03, 7, 4
79, 2023, 05, 08, 18, 07, 4, 7
79, 2023, 05, 09, 07, 47, 7, 4
79, 2023, 05, 09, 17, 18, 4, 7
79, 2023, 05, 10, 06, 26, 7, 4
79, 2023, 05, 10, 18, 28, 4, 7
79, 2023, 05, 11, 06, 20, 7, 4
79, 2023, 05, 11, 18, 12, 4, 7
79, 2023, 05, 12, 08, 10, 7, 4
79, 2023, 05, 12, 18, 10, 4, 7
80, 2023, 05, 08, 07, 21, 6, 9
80, 2023, 05, 08, 17, 14, 9, 6
80, 2023, 05, 09, 06, 46, 6, 9
80, 2023, 05, 09, 18, 26, 9, 6
80, 2023, 05, 10, 07, 02, 6, 9
80, 2023, 05, 10, 18, 38, 9, 6
80, 2023, 05, 11, 05, 13, 6, 9
80, 2023, 05, 11, 18, 41, 9, 6
80, 2023, 05, 12, 08, 14, 6, 9
80, 2023, 05, 12, 18, 48, 9, 6
80, 2023, 05, 13, 11, 20, 6, 10
80, 2023, 05, 13, 14, 39, 10, 6
81, 2023, 05, 08, 07, 11, 4, 2
81, 2023, 05, 08, 17, 30, 2, 4
81, 2023, 05, 10, 06, 42, 4, 2
81, 2023, 05, 10, 20, 11, 2, 4
81, 2023, 05, 11, 06, 47, 4, 2
81, 2023, 05, 11, 16, 33, 2, 4
81, 2023, 05, 12, 05, 52, 4, 2
81, 2023, 05, 12, 18, 39, 2, 4
81, 2023, 05, 13, 10, 42, 4, 9
81, 2023, 05, 13, 15, 01, 9, 4
82, 2023, 05, 08, 07, 59, 10, 5
82, 2023, 05, 08, 17, 03, 5, 10
82, 2023, 05, 09, 07, 53, 10, 5
82, 2023, 05, 09, 18, 35, 5, 10
82, 2023, 05, 10, 05, 06, 10, 5
82, 2023, 05, 10, 16, 55, 5, 10
82, 2023, 05, 11, 07, 20, 10, 5
82, 2023, 05, 11, 17, 39, 5, 10
82, 2023, 05, 12, 08, 54, 10, 5
82, 2023, 05, 12, 19, 34, 5, 10
83, 2023, 05, 08, 07, 07, 1, 9
83, 2023, 05, 08, 17, 17, 9, 1
83, 2023, 05, 09, 06, 11, 1, 9
83, 2023, 05, 09, 20, 37, 9, 1
83, 2023, 05, 10, 06, 27, 1, 9
83, 2023, 05, 10, 19, 35, 9, 1
83, 2023, 05, 11, 06, 14, 1, 9
83, 2023, 05, 11, 17, 07, 9, 1
83, 2023, 05, 12, 07, 08, 1, 9
83, 2023, 05, 12, 17, 38, 9, 1
83, 2023, 05, 13, 11, 29, 1, 4
83, 2023, 05, 13, 15, 37, 4, 1
84, 2023, 05, 08, 05, 23, 1, 5
84, 2023, 05, 08, 18, 32, 5, 1
84, 2023, 05, 09, 06, 40, 1, 5
84, 2023, 05, 09, 18, 35, 5, 1
84, 2023, 05, 10, 06, 03, 1, 5
84, 2023, 05, 10, 18, 39, 5, 1
84, 2023, 05, 11, 06, 45, 1, 5
84, 2023, 05, 11, 18, 30, 5, 1
84, 2023, 05, 12, 07, 59, 1, 5
84, 2023, 05, 12, 18, 10, 5, 1
84, 2023, 05, 13, 09, 56, 1, 8
84, 2023, 05, 13, 14, 21, 8, 1
85, 2023, 05, 08, 06, 44, 4, 6
85, 2023, 05, 08, 17, 12, 6, 4
85, 2023, 05, 09, 06, 58, 4, 6
85, 2023, 05, 09, 19, 59, 6, 4
85, 2023, 05, 10, 07, 45, 4, 6
85, 2023, 05, 10, 16, 10, 6, 4
85, 2023, 05, 11, 09, 17, 4, 6
85, 2023, 05, 11, 19, 36, 6, 4
85, 2023, 05, 12, 04, 10, 4, 6
85, 2023, 05, 12, 17, 13, 6, 4
85, 2023, 05, 14, 11, 24, 4, 1
85, 2023, 05, 14, 14, 00, 1, 4
86, 2023, 05, 08, 06, 56, 1, 7
86, 2023, 05, 08, 18, 01, 7, 1
86, 2023, 05, 09, 06, 41, 1, 7
86, 2023, 05, 09, 17, 18, 7, 1
86, 2023, 05, 10, 07, 32, 1, 7
86, 2023, 05, 10, 17, 08, 7, 1
86, 2023, 05, 11, 07, 21, 1, 7
86, 2023, 05, 11, 19, 53, 7, 1
86, 2023, 05, 14, 11, 02, 1, 4
86, 2023, 05, 14, 16, 56, 4, 1
87, 2023, 05, 09, 07, 27, 10, 8
87, 2023, 05, 09, 19, 05, 8, 10
87, 2023, 05, 10, 06, 13, 10, 8
87, 2023, 05, 10, 17, 09, 8, 10
87, 2023, 05, 11, 07, 28, 10, 8
87, 2023, 05, 11, 18, 41, 8, 10
87, 2023, 05, 12, 06, 28, 10, 8
87, 2023, 05, 12, 17, 11, 8, 10
88, 2023, 05, 08, 06, 33, 10, 10
88, 2023, 05, 08, 13, 03, 10, 10
88, 2023, 05, 09, 07, 13, 10, 10
88, 2023, 05, 09, 14, 26, 10, 10
88, 2023, 05, 10, 05, 16, 10, 10
88, 2023, 05, 10, 15, 06, 10, 10
88, 2023, 05, 11, 04, 16, 10, 10
88, 2023, 05, 11, 15, 24, 10, 10
88, 2023, 05, 12, 06, 29, 10, 10
88, 2023, 05, 12, 12, 19, 10, 10
88, 2023, 05, 14, 09, 57, 10, 6
88, 2023, 05, 14, 20, 40, 6, 10
89, 2023, 05, 09, 06, 22, 9, 1
89, 2023, 05, 09, 14, 46, 1, 9
89, 2023, 05, 12, 07, 25, 9, 8
89, 2023, 05, 12, 13, 32, 8, 9
90, 2023, 05, 08, 08, 00, 10, 1
90, 2023, 05, 08, 17, 05, 1, 10
90, 2023, 05, 09, 06, 00, 10, 1
90, 2023, 05, 09, 17, 58, 1, 10
90, 2023, 05, 10, 07, 12, 10, 1
90, 2023, 05, 10, 17, 50, 1, 10
90, 2023, 05, 11, 06, 34, 10, 1
90, 2023, 05, 11, 19, 04, 1, 10
90, 2023, 05, 12, 07, 07, 10, 1
90, 2023, 05, 12, 17, 30, 1, 10
91, 2023, 05, 08, 05, 17, 1, 2
91, 2023, 05, 08, 18, 40, 2, 1
91, 2023, 05, 10, 06, 09, 1, 2
91, 2023, 05, 10, 18, 59, 2, 1
91, 2023, 05, 11, 06, 11, 1, 2
91, 2023, 05, 11, 18, 59, 2, 1
91, 2023, 05, 12, 06, 05, 1, 2
91, 2023, 05, 12, 18, 34, 2, 1
92, 2023, 05, 08, 05, 28, 5, 7
92, 2023, 05, 08, 17, 19, 7, 5
92, 2023, 05, 09, 08, 54, 5, 1
92, 2023, 05, 09, 18, 31, 1, 5
92, 2023, 05, 10, 06, 34, 5, 10
92, 2023, 05, 10, 17, 46, 10, 5
92, 2023, 05, 11, 06, 15, 5, 3
92, 2023, 05, 11, 17, 13, 3, 5
92, 2023, 05, 12, 06, 39, 5, 8
92, 2023, 05, 12, 18, 44, 8, 5
93, 2023, 05, 08, 07, 23, 10, 6
93, 2023, 05, 08, 18, 29, 6, 10
93, 2023, 05, 09, 06, 14, 10, 6
93, 2023, 05, 09, 18, 10, 6, 10
93, 2023, 05, 10, 06, 36, 10, 6
93, 2023, 05, 10, 16, 16, 6, 10
93, 2023, 05, 11, 05, 38, 10, 6
93, 2023, 05, 11, 17, 56, 6, 10
93, 2023, 05, 12, 07, 24, 10, 6
93, 2023, 05, 12, 19, 44, 6, 10
93, 2023, 05, 13, 09, 27, 10, 3
93, 2023, 05, 13, 14, 18, 3, 10
94, 2023, 05, 08, 06, 02, 3, 6
94, 2023, 05, 08, 16, 51, 6, 3
94, 2023, 05, 10, 06, 14, 3, 6
94, 2023, 05, 10, 17, 06, 6, 3
94, 2023, 05, 11, 07, 37, 3, 6
94, 2023, 05, 11, 18, 12, 6, 3
94, 2023, 05, 12, 07, 25, 3, 6
94, 2023, 05, 12, 17, 51, 6, 3
95, 2023, 05, 08, 06, 05, 3, 8
95, 2023, 05, 08, 13, 33, 8, 3
95, 2023, 05, 09, 05, 35, 3, 8
95, 2023, 05, 09, 12, 00, 8, 3
95, 2023, 05, 10, 07, 55, 3, 8
95, 2023, 05, 10, 15, 28, 8, 3
95, 2023, 05, 11, 06, 03, 3, 8
95, 2023, 05, 11, 13, 30, 8, 3
95, 2023, 05, 12, 07, 30, 3, 8
95, 2023, 05, 12, 14, 26, 8, 3
95, 2023, 05, 13, 11, 14, 3, 8
95, 2023, 05, 13, 21, 29, 8, 3
96, 2023, 05, 08, 06, 14, 5, 10
96, 2023, 05, 08, 16, 51, 10, 5
96, 2023, 05, 09, 05, 17, 5, 10
96, 2023, 05, 09, 17, 08, 10, 5
96, 2023, 05, 10, 06, 57, 5, 10
96, 2023, 05, 10, 19, 04, 10, 5
96, 2023, 05, 12, 07, 33, 5, 10
96, 2023, 05, 12, 18, 52, 10, 5
97, 2023, 05, 08, 07, 34, 4, 9
97, 2023, 05, 08, 15, 55, 9, 4
97, 2023, 05, 09, 08, 04, 4, 2
97, 2023, 05, 09, 11, 59, 2, 4
97, 2023, 05, 10, 06, 47, 4, 5
97, 2023, 05, 10, 12, 51, 5, 4
97, 2023, 05, 11, 06, 09, 4, 7
97, 2023, 05, 11, 15, 12, 7, 4
97, 2023, 05, 12, 06, 54, 4, 7
97, 2023, 05, 12, 12, 43, 7, 4
97, 2023, 05, 13, 09, 46, 4, 5
97, 2023, 05, 13, 19, 57, 5, 4
98, 2023, 05, 08, 07, 21, 6, 5
98, 2023, 05, 08, 20, 25, 5, 6
98, 2023, 05, 09, 06, 00, 6, 5
98, 2023, 05, 09, 18, 00, 5, 6
98, 2023, 05, 10, 06, 58, 6, 5
98, 2023, 05, 10, 19, 52, 5, 6
98, 2023, 05, 11, 07, 28, 6, 5
98, 2023, 05, 11, 18, 12, 5, 6
98, 2023, 05, 12, 06, 00, 6, 5
98, 2023, 05, 12, 19, 49, 5, 6
98, 2023, 05, 14, 09, 04, 6, 7
98, 2023, 05, 14, 14, 40, 7, 6
99, 2023, 05, 08, 08, 49, 1, 3
99, 2023, 05, 08, 18, 11, 3, 1
99, 2023, 05, 09, 06, 18, 1, 7
99, 2023, 05, 09, 19, 31, 7, 1
99, 2023, 05, 10, 08, 18, 1, 6
99, 2023, 05, 10, 17, 22, 6, 1
99, 2023, 05, 11, 05, 51, 1, 6
99, 2023, 05, 11, 19, 51, 6, 1
99, 2023, 05, 12, 08, 23, 1, 7
99, 2023, 05, 12, 19, 13, 7, 1
